4294967279,378
4294967278,357
4294967279,545
4294967278,227
4294967279,289
4294967294,1418
4294967278,299
4294967279,376
4294967278,370
4294967279,217
4294967278,378
4294967278,221
4294967278,321
4294967278,219
4294967278,255
4294967279,306
4294967279,516
4294967279,336
4294967279,290
4294967279,282
4294967279,513
4294967278,233
4294967279,230
5825,6
5825,5
5825,4
5825,3
5825,2
5825,1
4294967294,963
4294967278,178
4294967278,168
4294967279,162
4294967278,161
5822,5
5822,4
5822,3
5822,2
5822,1
4294967279,149
4294967278,148
4294967278,147
4294967278,143
5820,5
5820,4
4294967278,144
5820,3
5820,2
5820,1
4294967278,141
4294967278,312
5818,5
5818,4
5818,3
5818,2
5818,1
4294967279,137
4294967279,375
4294967278,269
4294967279,264
4294967278,265
4294967278,326
4294967279,374
4294967278,305
4294967279,247
5815,5
5815,4
5815,3
5815,2
5815,1
4294967278,240
5813,5
5813,4
5813,3
5813,2
5813,1
4294967294,902
4294967294,915
5812,4
5812,3
5812,2
5812,1
4294967278,327
4294967279,219
5811,5
4294967279,215
5811,4
5811,3
5811,2
5811,1
4294967278,210
5810,4
5810,3
5810,2
5810,1
4294967279,207
5809,4
4294967278,206
5809,3
5809,2
5809,1
5808,6
4294967278,303
4294967279,266
5808,5
4294967279,198
5808,4
5808,3
5808,2
5808,1
4294967278,229
4294967278,231
5806,4
5806,3
5806,2
5806,1
4294967278,187
4294967278,225
4294967279,259
4294967278,249
4294967278,223
4294967278,315
4294967279,281
4294967278,217
4294967278,314
4294967294,899
4294967294,961
4294967279,252
4294967279,283
4294967279,514
4294967279,278
4294967279,260
4294967279,371
4294967294,407
4294967294,179
4294967294,384
4294967294,169
4294967278,215
4294967279,373
4294967278,154
4294967278,156
4294967278,155
4294967278,301
4294967279,274
4294967279,313
5804,6
5804,5
5804,4
5804,3
5804,2
5804,1
4294967279,263
4294967278,281
4294967278,264
4294967279,255
4294967278,261
4294967279,254
4294967279,323
4294967279,370
4294967278,384
4294967279,369
4294967278,389
4294967278,388
4294967279,216
5801,5
5801,4
5801,3
5801,2
5801,1
4294967279,348
4294967278,244
4294967279,231
4294967279,225
4294967279,229
5799,5
5799,4
5799,3
5799,2
5799,1
4294967278,218
4294967279,268
4294967278,383
5797,5
5797,4
5797,3
5797,2
5797,1
4294967278,382
4294967278,200
4294967294,183
4294967294,397
4294967294,412
4294967279,532
4294967278,190
4294967279,192
4294967278,191
4294967279,191
4294967278,413
4294967279,187
4294967279,367
4294967278,381
5794,5
5794,4
5794,3
5794,2
5794,1
4294967278,177
4294967278,175
4294967279,550
5792,5
5792,4
5792,3
5792,2
5792,1
4294967278,380
4294967294,962
5791,4
5791,3
5791,2
5791,1
4294967279,166
5790,5
5790,4
5790,3
5790,2
5790,1
4294967278,288
5789,4
5789,3
5789,2
5789,1
4294967279,154
5788,4
5788,3
5788,2
5788,1
5787,5
5787,3
5787,2
5787,1
5785,4
5785,3
5785,2
5785,1
4294967278,286
4294967279,308
4294967278,270
4294967278,284
4294967279,261
4294967279,269
4294967279,330
4294967278,262
4294967294,413
4294967294,414
4294967294,400
4294967278,278
4294967278,257
4294967279,320
4294967278,131
4294967278,130
4294967278,129
4294967278,128
4294967278,127
4294967278,125
4294967278,123
4294967278,122
4294967278,121
4294967278,120
4294967278,109
4294967278,106
4294967278,102
4294967278,101
4294967278,100
4294967278,99
4294967278,98
4294967278,97
4294967278,92
4294967278,91
4294967278,90
4294967278,89
4294967278,87
4294967278,86
4294967278,85
4294967278,82
4294967278,81
4294967278,80
4294967278,79
4294967278,78
4294967278,77
4294967278,75
4294967278,74
4294967278,72
4294967278,68
4294967278,67
4294967278,66
4294967278,65
4294967278,62
4294967278,61
4294967278,60
4294967278,59
4294967278,58
4294967278,57
4294967278,56
4294967278,55
4294967278,54
4294967278,302
4294967279,267
4294967279,87
4294967279,86
4294967279,85
4294967279,84
4294967279,83
4294967279,82
4294967279,81
4294967279,80
4294967279,79
4294967279,78
4294967279,77
4294967279,76
4294967279,75
4294967279,74
4294967279,73
4294967279,72
4294967279,71
4294967279,70
4294967279,68
4294967279,67
4294967279,66
4294967279,65
4294967279,64
4294967279,62
4294967279,61
4294967279,60
4294967279,59
4294967279,52
4294967279,51
4294967279,50
4294967279,49
4294967279,47
4294967279,44
4294967279,273
4294967279,43
4294967279,42
4294967279,40
4294967279,39
4294967279,38
4294967279,37
4294967279,36
4294967279,35
4294967279,34
4294967279,33
4294967279,32
4294967279,31
4294967279,30
4294967279,29
4294967279,28
4294967279,27
4294967279,26
4294967279,25
4294967279,24
4294967279,23
4294967279,22
4294967279,21
4294967279,20
4294967279,19
4294967279,18
4294967279,16
4294967279,15
4294967279,14
4294967279,13
4294967279,12
4294967279,11
4294967279,10
4294967279,9
4294967279,8
4294967279,7
4294967279,530
4294967279,5
4294967279,574
4294967279,521
4294967278,116
4294967278,114
4294967279,365
4294967278,113
4294967278,112
4294967278,111
4294967278,110
4294967278,293
4294967278,369
4294967278,298
4294967279,328
4294967278,95
4294967294,898
4294967294,914
4294967278,104
4294967278,103
5783,6
5783,5
5783,4
5783,3
5783,2
5783,1
4294967279,208
4294967278,442
4294967279,189
5780,5
5780,4
5780,3
5780,2
5780,1
4294967278,180
4294967279,175
4294967278,171
5778,5
5778,4
5778,3
5778,2
5778,1
4294967279,165
4294967278,291
4294967278,347
5776,5
5776,4
5776,3
5776,2
5776,1
4294967278,296
4294967279,147
4294967279,364
4294967279,139
4294967294,170
4294967294,900
4294967279,270
5773,5
5773,4
5773,3
5773,2
5773,1
4294967279,262
4294967294,1422
4294967279,275
5771,5
5771,4
5771,3
5771,2
5771,1
5770,4
5770,3
5770,2
5770,1
4294967278,258
4294967279,363
5769,5
5769,4
5769,3
5769,2
5769,1
4294967278,387
4294967279,575
5768,4
5768,3
5768,2
5768,1
4294967279,248
5767,4
5767,3
5767,2
5767,1
4294967279,243
5766,6
5766,5
5766,4
5766,3
5766,2
5766,1
4294967278,228
5765,5
5765,4
5765,3
5765,2
5765,1
5764,4
5764,3
5764,2
5764,1
4294967278,353
4294967278,401
4294967278,415
4294967279,206
4294967294,393
4294967279,204
4294967278,376
4294967278,375
4294967294,469
4294967278,430
4294967278,431
4294967279,361
4294967278,183
4294967278,182
4294967294,913
4294967294,189
4294967279,311
4294967279,512
4294967278,377
4294967294,1421
4294967278,172
4294967279,359
4294967279,156
4294967279,169
5762,6
5762,5
5762,4
5762,3
5762,2
5762,1
4294967279,357
4294967278,145
4294967279,143
4294967279,272
4294967279,135
5759,5
5759,4
5759,3
5759,2
5759,1
4294967278,273
4294967278,424
4294967278,174
5757,5
5757,4
5757,3
5757,2
5757,1
4294967279,322
4294967278,328
4294967278,254
5755,5
5755,4
4294967279,250
5755,3
5755,2
5755,1
4294967278,253
4294967278,238
4294967279,237
4294967278,226
4294967278,366
4294967279,356
4294967278,212
4294967279,210
5752,5
5752,4
5752,3
5752,2
5752,1
4294967278,203
4294967279,203
4294967294,453
4294967294,111
4294967294,454
5750,5
5750,4
5750,3
5750,2
5750,1
4294967279,196
4294967278,195
4294967279,195
5749,4
5749,3
5749,2
5749,1
4294967278,275
5748,5
4294967278,189
5748,4
5748,3
5748,2
5748,1
5747,4
5747,3
5747,2
5747,1
4294967279,181
5746,4
5746,3
5746,2
5746,1
4294967278,179
4294967279,179
5745,5
4294967279,172
4294967279,171
5745,3
5745,2
5745,1
4294967279,170
4294967279,573
4294967278,162
5743,4
5743,3
5743,2
5743,1
4294967279,251
4294967279,158
4294967278,266
4294967278,132
4294967278,126
4294967278,124
4294967278,358
4294967278,119
4294967278,118
4294967278,117
4294967278,115
4294967278,108
4294967278,107
4294967278,105
4294967278,294
4294967278,96
4294967278,365
4294967278,94
4294967278,93
4294967278,84
4294967278,83
4294967278,76
4294967278,73
4294967278,71
4294967278,70
4294967278,69
4294967278,64
4294967278,271
4294967278,346
4294967279,569
4294967279,174
4294967279,69
4294967279,314
4294967279,63
4294967279,58
4294967279,57
4294967279,56
4294967279,55
4294967279,54
4294967279,53
4294967279,48
4294967279,46
4294967279,45
4294967279,41
4294967279,17
4294967279,6
4294967279,4
4294967278,325
4294967294,960
4294967294,176
4294967279,300
4294967278,374
4294967278,263
4294967294,120
4294967279,571
4294967294,464
4294967294,402
4294967278,373
4294967279,354
4294967278,276
4294967278,289
4294967278,372
4294967279,353
4294967279,240
4294967278,371
4294967294,81
4294967279,312
4294967294,22
4294967294,17
4294967294,42
4294967294,99
4294967294,76
4294967294,41
4294967294,437
4294967294,26
4294967279,352
4294967278,239
4294967279,326
5741,6
5741,5
5741,4
5741,3
5741,2
5741,1
4294967278,237
4294967279,236
4294967278,230
4294967279,223
4294967278,220
4294967278,214
5738,5
5738,4
5738,3
5738,2
5738,1
4294967278,368
4294967278,208
4294967278,201
4294967278,197
5736,5
5736,4
4294967278,198
5736,3
5736,2
5736,1
4294967278,316
4294967279,194
4294967278,402
5734,5
5734,4
5734,3
5734,2
5734,1
4294967279,515
4294967279,178
4294967278,363
4294967278,167
4294967279,377
4294967279,350
5731,5
5731,4
5731,3
5731,2
5731,1
4294967279,153
4294967278,361
4294967279,343
5729,5
4294967294,162
4294967294,907
5729,4
5729,3
5729,2
5729,1
4294967279,144
5728,4
5728,3
5728,2
5728,1
4294967294,919
4294967294,462
4294967279,342
4294967279,140
5727,5
4294967278,139
5727,4
5727,3
5727,2
5727,1
4294967278,324
5726,4
5726,3
5726,2
5726,1
4294967279,324
5725,4
4294967278,287
5725,3
5725,2
5725,1
4294967279,279
4294967278,274
4294967279,280
4294967279,372
5724,6
4294967279,349
5724,5
5724,4
5724,3
5724,2
5724,1
4294967278,356
4294967279,253
4294967279,321
5722,4
5722,3
5722,2
5722,1
4294967294,68
4294967293,131
4294967293,130
4294967293,129
4294967293,128
4294967293,127
4294967293,126
4294967293,125
4294967293,124
4294967293,123
4294967293,122
4294967293,121
4294967293,120
4294967293,119
4294967293,118
4294967293,117
4294967293,116
4294967293,115
4294967293,114
4294967293,113
4294967293,112
4294967293,111
4294967293,110
4294967293,109
4294967293,108
4294967293,107
4294967293,106
4294967293,105
4294967293,104
4294967293,103
4294967293,102
4294967293,101
4294967293,100
4294967293,99
4294967293,98
4294967293,97
4294967293,96
4294967293,95
4294967293,94
4294967293,93
4294967293,92
4294967293,91
4294967293,90
4294967293,89
4294967293,87
4294967293,86
4294967293,85
4294967293,84
4294967293,83
4294967293,82
4294967293,81
4294967293,80
4294967293,79
4294967293,78
4294967293,77
4294967293,76
4294967293,75
4294967293,74
4294967293,73
4294967293,72
4294967293,71
4294967293,70
4294967293,69
4294967293,68
4294967293,67
4294967293,66
4294967293,65
4294967293,64
4294967293,63
4294967293,62
4294967293,61
4294967293,60
4294967293,59
4294967293,58
4294967293,57
4294967293,56
4294967293,55
4294967293,54
4294967293,53
4294967293,52
4294967293,51
4294967293,50
4294967293,49
4294967293,48
4294967293,47
4294967293,46
4294967293,45
4294967293,44
4294967293,43
4294967293,42
4294967293,41
4294967293,40
4294967293,39
4294967293,38
4294967293,37
4294967293,36
4294967293,35
4294967293,34
4294967293,33
4294967293,32
4294967293,31
4294967293,30
4294967293,29
4294967293,28
4294967293,27
4294967293,26
4294967293,25
4294967293,24
4294967293,23
4294967293,22
4294967293,21
4294967293,20
4294967293,19
4294967293,18
4294967293,17
4294967293,16
4294967293,15
4294967293,14
4294967293,13
4294967293,12
4294967293,11
4294967293,10
4294967293,9
4294967293,8
4294967293,7
4294967293,6
4294967293,5
4294967293,4
4294967293,3
4294967278,63
4294967278,354
4294967278,441
4294967278,282
4294967278,440
4294967279,329
4294967278,439
4294967279,294
4294967279,310
4294967278,367
4294967278,330
4294967279,341
4294967278,438
4294967279,346
4294967279,305
4294967294,161
4294967294,916
4294967294,415
4294967294,444
4294967294,108
4294967294,110
5721,6
4294967279,211
5721,3
5721,2
5721,1
4294967278,412
4294967294,88
4294967278,446
4294967278,343
4294967279,344
4294967294,25
4294967294,82
4294967294,83
4294967279,188
5720,6
5720,5
4294967279,186
5720,4
5720,3
5720,2
5720,1
4294967279,177
4294967278,173
4294967278,170
4294967278,169
4294967278,245
4294967278,164
5717,5
5717,4
5717,3
5717,2
5717,1
4294967294,473
4294967278,151
5715,5
5715,4
5715,3
5715,2
5715,1
4294967278,142
4294967278,364
4294967279,271
5713,5
5713,4
5713,3
5713,2
5713,1
4294967294,472
4294967279,552
5710,5
5710,4
5710,3
5710,2
5710,1
4294967278,248
4294967278,246
4294967279,245
4294967279,241
4294967279,239
5708,5
5708,4
4294967279,235
5708,3
5708,2
5708,1
4294967278,234
4294967278,232
5707,4
5707,3
5707,2
5707,1
5706,5
5706,4
5706,3
5706,2
5706,1
4294967294,409
4294967294,948
4294967294,168
4294967294,457
4294967294,463
4294967294,411
4294967294,191
4294967279,212
5705,4
4294967278,211
5705,3
5705,2
5705,1
4294967279,209
5704,4
5704,3
5704,2
5704,1
4294967278,207
4294967279,366
5703,6
5703,5
5703,4
5703,3
5703,2
5703,1
4294967278,432
4294967279,199
4294967279,340
4294967279,339
4294967278,194
5701,4
5701,3
5701,2
5701,1
4294967279,287
4294967278,322
4294967278,359
4294967278,348
4294967278,88
4294967278,422
4294967279,121
4294967279,119
4294967279,118
4294967279,116
4294967279,115
4294967279,114
4294967279,113
4294967279,112
4294967279,111
4294967279,110
4294967279,109
4294967279,108
4294967279,107
4294967279,105
4294967279,104
4294967279,103
4294967279,102
4294967279,100
4294967279,99
4294967279,98
4294967279,97
4294967279,96
4294967279,95
4294967279,94
4294967279,93
4294967279,92
4294967279,90
4294967279,565
4294967279,89
4294967279,368
4294967279,291
4294967279,538
4294967278,392
4294967278,437
4294967278,436
4294967294,163
4294967279,347
4294967278,350
4294967278,435
4294967294,388
4294967278,362
4294967279,559
4294967278,160
4294967278,157
4294967278,345
4294967278,434
4294967279,334
4294967279,0
4294967278,0
4294967294,50
4294967294,92
4294967294,27
4294967294,93
4294967294,95
4294967279,566
4294967294,970
4294967294,5
4294967294,399
4294967294,1415
4294967294,118
4294967294,164
4294967278,360
5699,6
5699,5
5699,4
5699,3
5699,2
5699,1
5696,5
5696,4
5696,3
5696,2
5696,1
5694,5
5694,4
5694,3
5694,2
5694,1
5692,5
5692,4
5692,3
5692,2
5692,1
4294967279,333
4294967279,332
4294967279,205
4294967279,197
5689,5
5689,4
5689,3
5689,2
5689,1
4294967279,183
4294967278,181
4294967294,420
4294967294,113
4294967279,180
5687,5
5687,4
5687,3
5687,2
5687,1
5686,4
5686,3
5686,2
5686,1
5685,5
5685,4
5685,3
5685,2
5685,1
4294967278,165
4294967279,163
5684,4
5684,3
5684,2
5684,1
4294967278,159
5683,4
5683,3
5683,2
5683,1
4294967279,157
4294967279,285
5682,6
5682,5
4294967279,150
4294967278,150
5682,4
5682,3
5682,2
5682,1
4294967278,140
5680,4
5680,3
5680,2
5680,1
4294967279,138
4294967279,548
4294967279,136
4294967278,398
4294967279,331
4294967279,562
4294967278,331
4294967278,319
4294967278,423
4294967278,335
4294967278,344
4294967278,339
4294967279,563
4294967279,560
4294967279,572
4294967279,358
4294967278,338
4294967278,426
4294967279,529
4294967278,337
4294967279,351
4294967279,327
4294967294,385
4294967278,242
4294967278,355
4294967278,224
5678,6
5678,5
4294967279,307
5678,4
5678,3
5678,2
5678,1
4294967278,199
4294967278,379
4294967278,193
5675,5
5675,4
5675,3
5675,2
5675,1
4294967294,185
4294967278,184
5673,5
4294967279,176
5673,4
5673,3
5673,2
5673,1
4294967279,319
4294967279,164
5671,5
5671,4
5671,3
5671,2
5671,1
4294967279,318
4294967278,153
4294967279,152
4294967279,146
4294967279,533
4294967278,277
4294967278,135
4294967279,134
5668,5
4294967278,134
5668,4
5668,3
5668,2
5668,1
4294967279,524
5666,5
5666,4
5666,3
5666,2
5666,1
4294967294,395
4294967294,116
4294967294,109
4294967294,386
4294967278,386
5665,4
5665,3
5665,2
5665,1
4294967279,257
4294967294,1419
4294967279,256
5664,5
5664,4
5664,3
5664,2
5664,1
5663,4
5663,3
5663,2
5663,1
5662,4
5662,3
5662,2
5662,1
4294967294,964
5661,5
5661,3
5661,2
5661,1
4294967278,351
5659,4
5659,3
5659,2
5659,1
4294967294,392
4294967294,115
4294967294,11
4294967278,323
4294967294,387
4294967278,329
4294967278,421
4294967278,420
4294967279,554
4294967279,355
4294967279,557
4294967279,556
4294967278,352
4294967278,317
4294967279,317
4294967294,406
4294967294,405
4294967294,408
4294967294,180
4294967294,160
4294967294,89
4294967294,389
4294967294,390
4294967294,114
4294967294,424
4294967279,558
4294967294,40
4294967294,38
4294967294,37
4294967279,309
4294967278,410
4294967294,36
0,5
4294967294,7
4294967294,6
4294967294,973
4294967294,39
4294967294,67
4294967294,43
4294967294,417
4294967294,52
4294967294,1414
4294967278,349
4294967278,163
5657,6
5657,5
5657,4
5657,3
5657,2
5657,1
4294967279,148
5654,5
5654,4
5654,3
5654,2
5654,1
4294967278,133
4294967279,234
5652,5
5652,4
5652,3
5652,2
5652,1
5650,5
5650,4
5650,3
5650,2
5650,1
4294967278,320
4294967279,249
4294967278,250
4294967294,398
4294967278,236
4294967279,233
4294967279,551
4294967279,221
5647,5
5647,4
5647,3
5647,2
5647,1
4294967278,209
4294967278,416
5645,5
4294967278,202
5645,4
5645,3
5645,2
5645,1
4294967279,200
5644,4
5644,3
5644,2
5644,1
4294967294,967
5643,5
4294967279,193
5643,4
5643,3
5643,2
5643,1
5642,4
5642,3
5642,2
5642,1
5641,4
4294967279,185
5641,3
5641,2
5641,1
4294967279,184
5640,6
4294967278,411
5640,5
4294967278,176
5640,3
5640,2
5640,1
4294967279,362
4294967279,173
5639,5
5639,4
5639,3
5639,2
5639,1
4294967294,468
4294967279,168
4294967279,167
5638,4
5638,3
5638,2
5638,1
4294967294,909
4294967278,309
4294967278,149
4294967278,399
4294967294,1
4294967279,549
4294967278,406
0,7
4294967294,470
4294967278,304
4294967278,2
4294967278,53
4294967278,52
4294967278,51
4294967278,50
4294967278,49
4294967278,48
4294967278,47
4294967278,46
4294967278,45
4294967278,44
4294967278,43
4294967278,42
4294967278,41
4294967278,40
4294967278,39
4294967278,38
4294967278,37
4294967278,36
4294967278,35
4294967278,34
4294967278,33
4294967278,32
4294967278,31
4294967278,30
4294967278,29
4294967278,28
4294967278,27
4294967278,26
4294967278,25
4294967278,24
4294967278,23
4294967278,22
4294967278,21
4294967278,20
4294967278,19
4294967278,18
4294967278,17
4294967278,15
4294967278,8
4294967294,419
4294967278,260
4294967278,7
4294967278,6
4294967278,5
4294967278,4
4294967279,132
4294967279,131
4294967279,130
4294967279,129
4294967279,315
4294967279,128
4294967279,127
4294967279,126
4294967279,125
4294967279,124
4294967279,123
4294967279,122
4294967279,120
4294967279,117
4294967279,544
4294967279,106
4294967279,101
4294967279,91
4294967279,360
4294967278,16
4294967278,342
4294967278,14
4294967294,46
4294967279,546
4294967278,341
4294967278,13
4294967294,0
4294967294,45
4294967294,107
4294967294,91
4294967294,90
4294967294,87
4294967294,86
4294967294,85
4294967294,84
4294967294,903
4294967294,186
4294967294,904
4294967294,167
4294967294,448
4294967294,467
4294967294,404
4294967294,2
4294967294,950
4294967294,949
4294967294,29
4294967294,921
4294967294,28
4294967294,53
4294967294,427
4294967294,44
4294967294,96
4294967294,94
4294967279,564
4294967294,9
4294967294,8
4294967278,12
4294967278,11
4294967278,10
4294967278,9
4294967294,51
4294967294,471
4294967278,340
4294967279,541
4294967278,447
4294967279,325
5636,6
5636,5
5636,4
5636,3
5636,2
5636,1
4294967278,222
5633,5
5633,4
5633,3
5633,2
5633,1
4294967279,304
4294967279,303
4294967279,302
5631,5
5631,4
5631,3
5631,2
5631,1
4294967278,196
4294967279,301
4294967278,188
5629,5
5629,4
5629,3
5629,2
5629,1
4294967278,336
4294967294,1413
4294967294,421
4294967294,965
4294967294,173
4294967294,182
4294967279,299
4294967279,182
4294967279,535
4294967278,308
4294967294,396
4294967294,403
4294967294,416
4294967294,451
4294967294,418
5626,5
4294967279,159
5626,4
4294967278,158
5626,3
5626,2
5626,1
4294967279,155
4294967279,298
4294967278,400
5624,5
5624,4
5624,3
5624,2
5624,1
4294967279,145
5623,4
5623,3
5623,2
5623,1
4294967279,141
5622,5
5622,4
5622,3
5622,2
5622,1
4294967278,419
4294967278,138
4294967278,136
5621,4
5621,3
5621,2
5621,1
4294967279,133
5620,4
5620,3
5620,2
5620,1
4294967279,277
4294967279,297
5619,6
4294967278,268
5619,5
5619,4
5619,3
5619,2
5619,1
4294967278,334
5618,5
5618,4
5618,3
5618,2
5618,1
5617,4
5617,3
5617,2
5617,1
4294967278,333
4294967279,345
4294967278,396
4294967278,405
4294967279,296
4294967278,332
4294967279,295
4294967278,404
5616,6
4294967279,213
5616,3
5616,2
5616,1
4294967278,297
4294967278,280
4294967294,920
4294967279,293
4294967294,1420
4294967294,410
4294967294,466
4294967278,192
5615,6
5615,5
5615,4
5615,3
5615,2
5615,1
4294967279,381
4294967278,186
5612,5
5612,4
5612,3
5612,2
5612,1
4294967279,561
4294967279,160
4294967279,292
4294967294,912
4294967294,401
5610,5
5610,4
5610,3
5610,2
5610,1
4294967278,146
5608,5
5608,4
5608,3
5608,2
5608,1
4294967278,267
4294967279,258
5605,5
5605,4
5605,3
5605,2
5605,1
4294967278,395
5603,5
5603,4
5603,3
5603,2
5603,1
5602,4
5602,3
5602,2
5602,1
5601,5
4294967279,227
5601,4
5601,3
5601,2
5601,1
5600,4
5600,3
5600,2
5600,1
4294967278,216
4294967278,213
5599,4
5599,3
5599,2
5599,1
4294967294,178
4294967294,458
5598,6
5598,5
4294967278,205
4294967278,204
5598,4
5598,3
5598,2
5598,1
4294967279,201
4294967279,518
5596,4
5596,3
5596,2
5596,1
4294967279,542
4294967278,256
4294967279,288
4294967278,272
4294967279,337
4294967279,534
4294967294,901
5594,6
5594,5
5594,4
5594,3
5594,2
5594,1
4294967279,286
5591,5
5591,4
5591,3
5591,2
5591,1
4294967279,284
5589,5
5589,4
5589,3
5589,2
5589,1
4294967294,449
4294967279,218
5587,5
5587,4
